time_ms,pot_raw,therm_raw
0,6,210
200,3,210
401,1,209
602,3,208
802,5,209
1003,4,208
1204,3,209
1404,3,210
1605,2,210
1806,4,210
2007,5,210
2207,3,209
2408,4,208
2609,4,208
2809,3,209
3010,3,210
3211,2,210
3411,3,210
3612,4,209
3813,3,210
4014,6,208
4214,0,209
4415,0,208
4616,0,210
4816,0,211
5017,0,210
5218,0,211
5419,0,208
5619,0,209
5820,3,209
6021,4,210
6221,85,210
6422,163,210
6623,242,210
6823,331,209
7024,425,209
7225,529,210
7426,673,210
7626,777,209
7827,857,208
8028,955,209
8228,1022,209
8429,1022,209
8631,1021,210
8832,1023,209
9032,1022,211
9233,1023,208
9434,1021,210
9634,1022,211
9835,1022,210
10036,1022,209
10237,1022,211
10438,1021,208
10639,1022,211
10840,1020,211
11040,1019,210
11241,1022,208
11443,1020,208
11643,1018,208
11844,1015,208
12045,1020,209
12246,1023,209
12446,1023,208
12648,1022,210
12849,1019,208
13049,1021,208
13250,1021,211
13451,1021,208
13651,1022,211
13853,1019,208
14054,1019,209
14255,1022,209
14455,1021,210
14656,1023,209
14857,1022,208
15058,1022,210
15259,1022,208
15460,1022,209
15661,1023,208
15861,1022,210
16062,1021,209
16264,1020,210
16464,1022,208
16665,1023,208
16866,1022,210
17067,1021,208
17268,1022,209
17469,1022,208
17670,1021,208
17870,1022,211
18071,1022,210
18272,1021,208
18472,1022,210
18674,1021,209
18875,1021,210
19076,1021,210
19276,1022,208
19477,1021,208
19678,1022,209
19879,1022,210
20080,1022,211
20281,1022,211
20482,1020,211
20682,1021,208
20883,1022,209
21085,1023,209
21285,1021,208
21486,1020,209
21687,1022,208
21888,1021,211
22088,1022,208
22290,1022,209
22491,1021,210
22691,1023,208
22892,1022,210
23093,1022,209
23293,1023,208
23495,1021,208
23696,1021,209
23897,1021,208
24097,1023,210
24298,1020,210
24499,1021,210
24700,1022,209
24901,1022,209
25102,1021,209
25303,1021,208
25503,1022,211
25704,1023,210
25906,1023,208
26106,1022,210
26307,1023,209
26508,1021,208
26708,1022,210
26910,1021,209
27111,1023,208
27312,1022,209
27512,1021,209
27713,1021,209
27914,1022,208
28114,1020,210
28316,1022,210
28517,1023,209
28718,1022,210
28918,1022,209
29119,1021,210
29320,1020,210
29521,1022,209
29722,1020,208
29923,1021,211
30124,1023,209
30324,1021,209
30525,1022,209
30727,1022,209
30927,1021,209
31128,1023,209
31329,1022,208
31529,1021,210
31730,1022,208
31932,1023,209
32133,1023,208
32333,1023,209
32534,1022,209
32735,1022,208
32935,1020,211
33137,1023,209
33338,1021,208
33539,1022,210
33739,1022,210
33940,1023,209
34141,1021,210
34342,1023,209
34543,1023,210
34744,1021,210
34945,1023,209
35145,1023,208
35347,1020,211
35548,1023,208
35748,1022,210
35949,1023,209
36150,1022,210
36350,1022,210
36552,1021,211
36753,1022,208
36954,1023,209
37154,1023,208
37355,1021,210
37556,1021,209
37757,1022,210
37958,1023,209
38159,1021,210
38360,1021,208
38560,1022,209
38761,1022,211
38963,1022,210
39163,1022,209
39364,1023,209
39565,1022,209
39766,1020,208
39966,1022,210
40168,1023,210
40369,1020,211
40569,1022,209
40770,1021,209
40971,1022,209
41171,1023,211
41373,1022,210
41574,1022,211
41775,1020,210
41975,1022,210
42176,1023,208
42377,1022,210
42578,1022,210
42779,1020,209
42980,1021,210
43181,1022,209
43381,1019,210
43582,1022,209
43784,1022,211
43984,1022,210
44185,1021,209
44386,1022,209
44587,1023,210
44787,1022,211
44988,1021,209
45190,1021,209
45390,1022,211
45591,1022,209
45792,1023,210
45992,1021,211
46194,1023,210
46395,1023,211
46596,1022,210
46796,1021,211
46997,1023,212
47198,1021,209
47399,1023,211
47600,1021,210
47801,1022,209
48002,1022,210
48202,1021,210
48403,1022,211
48605,1022,210
48805,1023,211
49006,1022,212
49207,1022,213
49408,1021,212
49608,1021,211
49810,1021,210
50011,1023,213
50211,1021,212
50412,1022,212
50613,1021,211
50813,1022,210
51015,1022,211
51216,1022,212
51417,1023,213
51617,1021,210
51818,1022,211
52019,1022,211
52220,1022,211
52421,1021,211
52622,1023,212
52823,1023,213
53023,1023,211
53224,1023,212
53426,1023,212
53626,1022,213
53827,1023,212
54028,1021,213
54228,1023,213
54429,1022,212
54630,1019,212
54832,1023,213
55032,1021,212
55233,1022,213
55434,1022,210
55634,1022,210
55835,1022,212
56037,1023,212
56238,1023,211
56438,1023,210
56639,1019,210
56840,1022,213
57041,1022,213
57242,1019,210
57443,1022,212
57644,1020,212
57844,1022,212
58045,1019,210
